      4.05064      30.4136
      20.2532      48.6618
      37.8059      66.9100
      49.9578      91.2409
      66.1603      109.489
      79.6625      127.737
      94.5148      133.820
      110.717      152.068
      128.270      164.234
      144.473      176.399
      156.624      206.813
      168.776      237.226
      184.979      304.136
      199.831      377.129
      217.384      437.956
      229.536      517.032
      248.439      553.528
      263.291      620.438
      274.093      675.182
      292.996      742.092
      306.498      796.837
      322.700      863.747
      337.553      906.326
      352.405      948.905
      367.257      991.484
      384.810      1052.31
      398.312      1094.89
      414.515      1137.47
      428.017      1173.97
      444.219      1198.30
      459.072      1222.63
      476.625      1240.88
      490.127      1277.37
      506.329      1295.62
      518.481      1307.79
      536.034      1326.03
      549.536      1350.36
      567.089      1380.78
      579.241      1392.94
      596.793      1405.11
      607.595      1423.36
